PC1	PC2	PC3	PC4	PC5	PC6	PC7	PC8	PC9	PC10	PC11	PC12	PC13	PC14	PC15	PC16	PC17	PC18	PC19	PC20	PC21	PC22	PC23	PC24
C1_B2	0.202748829391372	0.332388063219787	0.134556133406298	-0.0868326544807633	0.0214333447364817	0.0056427675094381	0.0153627107635509	0.292950829576863	0.0730299143182719	0.244503706282121	0.172109483069254	0.210196363482701	0.00543287002261278	-0.128413007723114	0.0623189828361857	0.492610697365777	-0.478908184445292	0.144272021994998	-0.109070585697781	0.106282969063448	-0.0724204384678256	0.0318392016008544	-0.113777667535758	0.204124145231932
C2_B1	-0.00430880638234366	0.312410514524079	-0.0264267003233092	-0.178397084426939	-0.166797516154234	-0.510595332859054	0.0523487497089725	-0.322349155541124	-0.137764701953929	-0.020400456606421	-0.077448287002935	-0.0331721017864329	0.442542330245644	-0.253250970964421	-0.0765738061492639	-0.153217253370804	-0.109359483023247	-0.202845369146677	-0.0910077828263015	0.054770255175637	0.0876929390676973	-0.2119715300555	0.0137656743004607	0.204124145231932
OASH1_B2	0.146327530087847	-0.300935445454057	0.120385132323658	0.172836353035637	0.0941833142553077	-0.139259863933461	-0.360264143183737	0.229558750855847	-0.0173641381152801	-0.17397303961802	0.441118649802258	-0.135534079995958	0.030953018402043	-0.3318402477856	-0.0224170782286373	-0.0812845513376952	0.211945237849383	-0.0618673123259023	-0.351267374495151	0.212805285929144	-0.0873210483284135	-0.0541574185001485	-0.0394075868837213	0.204124145231932
OA4_B2	-0.283576907762674	-0.0805420302331398	-0.0660877626205158	-0.0988586582120194	-0.126666024491502	-0.104119925123755	0.0749785830016137	0.0589977424899666	-0.38277886381988	0.0194197453640588	0.204406532155889	0.10140875916433	-0.159504269851991	-0.0257678145062597	-0.0176654485063851	-0.0175702412715327	-0.115869967918783	-0.133648260764391	0.134775893813939	-0.100730142694377	-0.501007695057844	0.25454367126149	0.469268724956364	0.204124145231932
SH1_B1	0.256422674884497	-0.00471514834411021	0.0836233078180228	0.0396882979268963	0.172452907570436	0.173830495960142	0.319661749613893	-0.217303908638463	-0.349825174958802	0.0286381160901581	-0.349291156760307	0.0492548911901321	-0.180412543944571	-0.288266757928721	-0.0522318031987957	0.28671815665456	0.369572685278917	-0.145906310869347	-0.146826292567131	0.13872588407234	-0.0437473640049797	0.144635181181605	-0.070072683309171	0.204124145231932
OA3_B2	-0.262190003350041	-0.116131463723875	-0.0650105886613956	-0.14585103424837	-0.220186096989807	-0.107730300405177	0.173949547158544	0.0899074758718583	-0.298776618971772	0.115810776879887	0.227009839734903	0.0194350115271625	-0.364893813648271	0.14325232847397	0.0020830631948964	-0.0357130680157723	-0.0091436632968058	0.0256045798469199	-0.0822300342032629	0.172638872465648	0.612144675207561	-0.00822949985157962	-0.174761315499065	0.204124145231931
C4_B2	-0.0334474295499531	0.471011322966396	0.288586409433966	0.270330074184607	0.302308315327609	-0.00634638245375166	-0.30035664211956	0.192141612823374	-0.199706532250682	-0.0935736844910935	-0.127226062652511	-0.0375910685002151	-0.132900798082547	0.209278217720159	-0.150749760826696	-0.108468538511096	0.0753310160555025	-0.0675188134127062	0.259696278881119	0.110148537800734	0.17699400891754	-0.132711027600579	0.243931667212325	0.204124145231932
OA2_B2	-0.322143109037591	0.00661743948464724	0.114479002708033	0.177905667845313	-0.0677297957392957	0.215856004289651	-0.144491623133925	-0.276307878686099	0.330438629494747	0.020129341681781	0.0044068766972709	0.00804233531167252	-0.24086663100361	-0.153347418895847	0.0981645619910207	0.182342091696934	-0.132304114155952	-0.47230022608897	-0.180196372267957	-0.326417477540726	0.105952772135849	-0.178252389603268	0.0683046664456528	0.204124145231932
OASH1_B1	-0.0456029151662542	0.186890445592535	-0.245322740966101	0.111169900290378	-0.0298185185171266	-0.33766195030746	0.288372160539547	0.211340092085517	0.324400733355633	-0.570705206334887	-0.135989648784746	-0.0905780823570439	-0.258551088495915	0.116564311514935	0.049524555497049	0.0728017776806799	0.0387237979880467	-0.00648723859800807	-0.0786669640203833	0.00957105273990168	-0.143771134987127	0.108838198613627	-0.141037826042535	0.204124145231931
C3_B1	0.160349610758014	0.268492758679793	0.0948054484783209	-0.227132742090597	0.152836779284601	0.222400820012855	0.31932056139877	-0.18954581884277	0.228471556045456	0.0959570241236354	0.530615562095248	-0.214410286960352	0.0840857056591479	0.280554321434994	-0.095847232156592	-0.145477539321804	0.230192628539839	-0.11814518136942	-0.0156128352052298	-0.0363858576460139	-0.0601093231831971	0.109100089533305	0.0121410429260645	0.204124145231932
OA4_B1	-0.364260033879789	0.0197904449860969	0.0657002567226696	0.176497167439223	0.055152529066727	0.0833551983028763	0.0149312504455014	-0.0192365411481641	0.0875211015019973	0.0249210662030498	-0.134946095426435	-0.172185761795864	0.371850526345891	-0.0396486275786543	-0.0120704390318835	0.0612216680444583	0.0236566734820062	0.387712568171022	-0.288336158295267	-0.0482772364764759	0.21769484056523	0.498229308789999	0.217612157860736	0.204124145231932
SH4_B2	0.172231683890835	-0.100498770063703	-0.122375004598514	0.0824958350622299	-0.471403790344088	0.106657601404539	-0.201727197061328	0.043128281766489	0.0439106789990499	-0.000915721457406562	-0.102077022350472	0.18691156936416	0.290318720111063	0.487788278769354	0.0292762565321077	0.255593035187389	0.199366332793461	-0.250265931070982	-0.0539251088651993	0.253558805714616	-0.00973749567247386	0.0261162889386901	0.120782228565203	0.204124145231931
OASH2_B2	0.00845919176665713	-0.3363652958658	-0.150947483173397	0.176085711724218	0.29060241863321	0.0239353293519364	0.435747533038229	0.413158559212093	0.050312606897015	0.184500588478757	-0.0983057661656951	-0.0549386094345428	0.29712039408226	0.00722634844754136	-0.0503328193012704	-0.0515180770262213	-0.131343820810123	-0.23575220965367	0.0951141377427291	-0.074961609527263	0.101690216572348	-0.289927332388689	0.145123780523166	0.204124145231932
C2_B2	0.00652156904953645	0.0540326274863929	-0.239666861011355	-0.48985239229928	0.0950253377027225	0.0835247095830921	-0.300374756824677	0.199095576134867	-0.104673088646274	0.0923999332416665	-0.211171028854305	-0.479792064585926	-0.0124545077852438	0.0130536784458579	0.39851260873062	0.0863248620621436	0.11438892984488	-0.00985014049506301	-0.00862951199670014	-0.173858845640267	-0.0326330891820378	-0.0773115548203012	-0.0265072021819304	0.204124145231931
OA2_B1	-0.321659994726022	-0.00851749754398012	0.105264484228424	0.130318376204918	-0.0573916789154035	0.158041305191395	0.0168556214367438	-0.0545580876234211	0.103905802246597	0.19124636856389	-0.118983187495539	-0.129794791079598	0.035076859459733	-0.0699874867550469	0.187721523336566	-0.255039729085479	-0.10238974446666	-0.0635436139024975	0.253368646807771	0.519281348965758	-0.298313367710247	0.0594606401352684	-0.411722440932191	0.204124145231931
OASH4_B1	-0.170880955817895	-0.0578575754438578	-0.249310713391905	-0.301505900905522	0.447594442028545	0.199767656172946	-0.167498069445192	-0.105938161720575	-0.0208378973601618	-0.28498068093456	0.00875680478067814	0.585226777668194	0.136274208925564	0.065094507146972	-0.00706522873818641	-0.119899844884634	-0.0558049859752058	0.00821318190548247	-0.0785213487798389	0.0561341276958153	0.0230682872749087	-0.00212114707100827	-0.136797075156269	0.204124145231932
OA3_B1	-0.28871386002695	-0.0189863254263052	0.077388946601405	0.0764781637656115	-0.0981520184610239	-0.0181719116775993	0.0203621747388833	-0.023244668632042	-0.114776661909021	0.0301685975294992	0.0776435431876541	0.0286657392912962	0.107932494031773	0.088051884238575	-0.250576617986124	0.267243001957894	0.308363279156285	0.38801391678562	0.0850944837483527	-0.290231627712163	-0.246919403422595	-0.444483287238763	-0.285768043191977	0.204124145231932
SH2_B2	0.261418056542423	0.0771006527928563	0.0489127476732215	0.183964817318263	-0.290837023856473	0.292515361284514	-0.00372022403558956	0.154228116413993	-0.280843802429848	-0.196401210784177	-0.00478864939395511	0.034250904056083	0.119893690492934	-0.0602749853761755	0.0240447224478738	-0.340417318698893	-0.181761143831393	-0.0517475195500452	0.0350145699234758	-0.459650250815502	0.0395617031279136	0.19427362704228	-0.336486675261269	0.204124145231931
OASH2_B1	0.151865653932813	-0.327556705142684	0.0149914945668085	0.0263406399816335	0.196435629823448	-0.281964673509768	-0.187102186265818	-0.268081693364714	0.042181648268598	-0.0428461438117963	0.0791269564600935	-0.154432666095473	0.0371532010683188	0.0677849411122586	-0.143335984013058	0.295611274194329	-0.146663075399613	-0.0687650768223828	0.510652308474114	-0.116668376178242	0.137762814102195	0.316389412440484	-0.186449185263902	0.204124145231931
C1_B1	0.177432079144861	0.0359195388151016	-0.225478272098258	0.253631597016002	0.116774181468139	-0.337205778361746	-0.122307674206017	-0.0920129389569657	0.120258234873153	0.545302460122948	-0.0817178409263082	0.242268930262443	-0.206514793885459	0.137556337652472	0.140642132628007	-0.278886546390426	0.146276064932456	0.117142932826216	-0.164368909416538	-0.200526954645524	-0.0940452511807888	0.0960240698275956	-0.053783678381737	0.204124145231932
SH2_B1	0.19896722702987	-0.280610723210789	0.331094232622661	-0.0363143274812382	0.0563992744104532	-0.00750849850871266	0.076082490077121	-0.29214434411769	-0.0943920524992002	-0.158788919799231	-0.149159051680223	-0.149821470314263	-0.123904404669901	0.354793686580781	0.128359084448596	-0.115742817194346	-0.386338798099625	0.255887523397035	-0.273689823463749	0.0622300942350141	-0.125986699154183	-0.241282269341523	0.130996901643023	0.204124145231932
OASH4_B2	0.185136470732415	0.0747055578997755	-0.459875027291752	0.236223143313524	-0.120877931040542	0.2416548975804	0.0195870081809126	-0.248787739027359	0.0364918927838308	-0.103670546287976	0.17875463777984	-0.040299871489498	-0.0639677748425875	-0.267795421892537	0.175996363971195	0.00535244662090879	-0.0398502760255089	0.341879074687708	0.279310785549612	0.146755655437359	0.120706619371396	-0.21598644763029	0.290164507862789	0.204124145231931
SH4_B1	0.0709003582029186	-0.134246863854591	0.471306626920203	-0.273944747608271	-0.172176786844918	-0.0962759063411541	0.0946841690747272	0.134243498330485	0.29801137753371	-0.0564649924787446	-0.0873128464617307	0.308532004489175	-0.00960505536157028	-0.207058204248844	0.29442754661326	-0.122055429349698	0.266389848543107	0.140110773119287	0.296890910370126	-0.0817329993307973	0.122018775490579	0.00234717477301781	0.180360878917744	0.204124145231932
SH3_B2	0.0980030802854516	-0.0723955221405686	-0.100593069367189	-0.275276203355454	-0.179161292953268	0.139658376837853	-0.134401792901165	0.0907604007380365	0.262805356596788	0.109722878042859	-0.245532241807927	-0.0816424314121835	-0.205058337275319	-0.14534789788265	-0.712205184090484	-0.180528057006671	-0.0944692370156757	0.079806631335773	-0.0275689132107474	0.0665384889119376	-0.0292753414815042	0.0146370399634352	0.0841191484259947	0.204124145231931
