category	over_represented_pvalue	under_represented_pvalue	numDEInCat	numInCat	term	ontology	over_represented_FDR	under_represented_FDR	go_term
GO:0003674	0.996382617234947	0.0248618179147103	1	29637	molecular_function	MF	0.9999999999	0.999939468709361	MF molecular_function
GO:0044699	1	0.0389319811265977	0	17456	NA	NA	0.9999999999	0.999939468709361	none
